$ANSIBLE_VAULT;1.1;AES256
66373837363963336134633139363533343636396231393932643631393365333535613831373333
3861366164313336376633613264613364663965333332340a333134376366633639643632666565
34356661363263626439366531303361373465353063616466386463303062303437336135313433
6661653036306139350a393265663961353264313631303938343333333336656566663038306333
39363939393366613035613131343563366365313836616236656565393066353665376635326139
38633833356635333030633830636237643963356635306465356535386439653063363635666334
36633635663036646331383638356563386239316432393064363631356436366635333738613462
33663563626536393263373438633064623763336137633663333839383262336334356563633834
61633833643765623762313037636363386534333361316161663433636566356535343366346465
62363233643239663337343333336630333863363633646139393132653363323261313139323966
33373765313537386561316630663161376230343038656235656338393931306663386131653237
64333337633034376465346339333636333365376334346232323136613336653764653331653530
32346461643337366266336433626263663337636237653639376236353362393131366137626466
35653862306661616338636233323736373463323739353439316332393836313635343763643830
30383035636132666335343865356632616566663737656336656565353365323130666535373430
31636236616231366236316235633637333134326532653162343766396261353431383561363635
38646134336435636235356564643734633161643934613836383762396636316235376536386639
35323533393538386533353761616438333731633634346266613664343535356134393138346136
36313064313636313235356336363064393135313966663731376238656362356539323936363266
65613762346366653933643963336136326434343233356335376363363763636638313632313630
32323438393163366235356362393138666530633831383732666262333138396432623063393939
34313239373930623265303665303131313564613338643762643330663430343731633334363538
33313938306130393337633466386330386334666264303762656665613333633730323236623133
30363761383939636461613835313265663430643332353031636538373033343931326539613335
64663330346436643032313738383161613161623535643561353365383239643438663537643734
64386438633638333433323933343336643230356331306138666632396534303361376662363838
37396437383437333136616137363363616235636565366332366637373234373535383839303131
66663136313637613037343166356534336635316663623838656434646636613930373961373766
37663834376565383065373463633562613434393331313064393436366237333736333764333137
61316566303439663462353763656361656664316133333939323235316639376566303539313232
64376635393533363130613935626438346534323036356235323361363666626530316165363437
66633139633336366138613933333535633761633163323062636334643138386464613765333434
34666530626532653361633435386637663765323930336633666562336561343034646631336262
34616664346638336135396139376133663839656166393335626565636431653564343138663030
36303265383738353332646264636132383562333762666463663062626461666233636561366465
63303234333462653063643231666564393264366666656262663961316463336632316366653939
33363465303536356631623837633933376238303239303133336465353834616437
